808060570506756137
808061425124900906
808061527110189146
808061615429648414
808061762930081847
808062233363611668
808062544970514442
808062628642553926
808062741964259329
808062800685563984
808062986757079086
808063027059490816
808063095838474301
808063129619267594
808065181006692372
808065348259414036
808066245123506196
808066311073562625
808116969202122782
808154692709777408
808626524567240734
808626601558016071
808627150420705300
808627268892491826
808627998772297738
808628375895408661
808628545492484096
808628547135602718
808628984761810964
808629378127888394
808630439560085564
808630463232606238
808630502385778768
808631742294523904
808631754143432724
808631887538814977
808632071466909729
808632204322013215
808632271166242837
808632489794600980
808633742838857738
808633789231398933
809474763449696266
809477783935647784
